"width"=0.069225
"height"=0.048899
"stop_width"=0.005000
"inf_stop_x"=0.026922
"superior_stop_x"=0.023634
"superior_stop_angle"=98.696078
"t1"=0.005000
"t2"=0.030526
"t3"=0.008711
"bolt_hole_size"=0.003000
"b1_x"=0.037462
"b1_y"=0.018660
"bolt_dist"=0.024277
"theta_p_init"=73.816587
"bolt_hole_depth"=0.005000
"pitch"=0.000500
"cover_holes_diam"=0.002000
"cover_holes_depth"=0.004000
"cover_hole_pitch"=0.000400
"pad_t"=0.005000
