"width"=0.101221
"height"=0.080946
"stop_width"=0.005000
"inf_stop_x"=0.027955
"superior_stop_x"=0.021901
"superior_stop_angle"=102.203897
"t1"=0.005000
"t2"=0.012879
"cover_holes_diam"=0.002400
"cover_holes_depth"=0.004000
"cover_hole_pitch"=0.000400
