"B1"=0.021821
"B2"=0.016593
"B3"=0.042972
"L"=0.015275
"H1"=0.016866
"H2"=0.027829
"H3"=0.073367
"H4"=0.084330
"T"=0.007604
"bolt_hole_diameter"=0.003400
"spring_arm_hole_pos"=0.006110
"spring_arm_hole_max_diam"=0.006000
"spring_arm_hole_min_diam"=0.003400
"arm_hole_head_height"=0.001650
"H_holes"=0.003273
"D_strap"=0.062521
"clip_hole_D"=0.003400
"clip_hole_y1"=0.005725
"clip_hole_dist"=0.011450
"pad_t1"=0.009775
"pad_t2"=0.019549
"unpad_L1"=0.046150
