"D_coil"=0.005850
"d_wire"=0.001347
"Nb"=1.362432
"l_s_arm"=0.002787
"l_a_arm"=0.010492
"loop_diam"=0.005000
"height"=0.002018
