"B1"=0.016268
"B2"=0.012371
"B3"=0.052521
"L"=0.011388
"H1"=0.019600
"H2"=0.032340
"H3"=0.085260
"H4"=0.098000
"T"=0.007604
"bolt_hole_diameter"=0.003400
"spring_arm_hole_pos"=0.004555
"spring_arm_hole_max_diam"=0.006000
"spring_arm_hole_min_diam"=0.003400
"arm_hole_head_height"=0.001650
"H_holes"=0.002440
"D_strap"=0.062521
"clip_hole_D"=0.003400
"clip_hole_y1"=0.005725
"clip_hole_dist"=0.011450
"pad_t1"=0.005000
"pad_t2"=0.010000
"unpad_L1"=0.046150
