"L"=0.153690
"w"=0.028000
"Loop_D"=0.008000
"t"=0.001000
"fold_back_L"=0.076845
