"L"=0.104500
"w"=0.020900
"Loop_D"=0.008000
"t"=0.001000
"fold_back_L"=0.052250
