"L"=0.069327
"w"=0.013865
"Loop_D"=0.008000
"t"=0.001000
"fold_back_L"=0.034664
