"L"=0.035589
"w"=0.007118
"Loop_D"=0.008000
"t"=0.001000
"fold_back_L"=0.017794
