"slot_w"=0.005000
"slot_h"=0.022900
"t"=0.004000
"height"=0.030900
"hole_D"=0.003400
"attach_w"=0.018000
