"slot_w"=0.005000
"slot_h"=0.030000
"t"=0.004000
"height"=0.038000
"hole_D"=0.003400
"attach_w"=0.018000
